AVERAGINT OVER 10 runs

Dataset size: 100000
36.9274, 23.7451, 19.524, 17.2808, 20.9792, 19.4332, 18.1874, 18.7623

Dataset size: 1000000
306.102, 166.113, 117.949, 99.0524, 131.053, 114.538, 100.731, 91.7736

Dataset size: 10000000
2948.26, 1572.67, 1107.17, 859.204, 1052.59, 975.3, 965.288, 899.683

Dataset size: 100000000
29332.5, 15794, 11401.1, 8984.21, 10495.9, 9282.23, 9429.48, 9267.82


AVERAGINT OVER 20 runs

Dataset size: 100000
36.5791, 24.2261, 20.1613, 17.2647, 21.1018, 20.8756, 18.9516, 19.8655

Dataset size: 1000000
316.031, 196.701, 128.453, 114.882, 137.831, 118.212, 110.436, 96.863

Dataset size: 10000000
3046.9, 1604.1, 1126.58, 929.195, 1074.93, 1011.82, 992.96, 926.265

Dataset size: 100000000
30503.7, 16212.1, 11537.5, 9566.15, 10613.2, 9370.65, 9625.75, 9566.65,
